make: Leaving directory `/home/bitnami/cbb520/shortyjm/k100'
root@linux:~/cbb520/shortyjm# ls
k100  k20  k24  k28  k32  k36  k40  k44  k48  k52  k56  k60  k64  k68  k72  k76  k80  k84  k88  k92  k96  short_yjm993_R1.fastq
k17   k21  k25  k29  k33  k37  k41  k45  k49  k53  k57  k61  k65  k69  k73  k77  k81  k85  k89  k93  k97  short_yjm993_R2.fastq
k18   k22  k26  k30  k34  k38  k42  k46  k50  k54  k58  k62  k66  k70  k74  k78  k82  k86  k90  k94  k98
k19   k23  k27  k31  k35  k39  k43  k47  k51  k55  k59  k63  k67  k71  k75  k79  k83  k87  k91  k95  k99


root@linux:~/cbb520/shortyjm# abyss-fac k*/short_yjm993-contigs.fa

n       n:500   n:N50   min     N80     N50     N20     E-size  max     sum     name
17      4       2       540     632     754     956     754     956     2882    k100/short_yjm993-contigs.fa
149638  221     99      500     519     563     641     608     1554    129081  k17/short_yjm993-contigs.fa
75834   2607    1060    500     546     644     837     721     2822    1740586 k18/short_yjm993-contigs.fa
48881   4876    1808    500     582     754     1079    879     7896    3721156 k19/short_yjm993-contigs.fa
39258   5597    1979    500     605     814     1233    961     7800    4557249 k20/short_yjm993-contigs.fa
35408   5702    1982    500     619     844     1286    1006    7497    4784969 k21/short_yjm993-contigs.fa
33273   5687    1974    500     619     847     1291    1008    5756    4787842 k22/short_yjm993-contigs.fa
32228   5621    1952    500     620     847     1275    1015    8134    4731440 k23/short_yjm993-contigs.fa
31977   5532    1934    500     618     837     1263    1010    8601    4621116 k24/short_yjm993-contigs.fa
31412   5417    1889    500     614     832     1258    1020    8979    4503966 k25/short_yjm993-contigs.fa
31487   5299    1863    500     608     819     1234    1013    8512    4354215 k26/short_yjm993-contigs.fa
31581   5166    1817    500     603     806     1224    1010    9180    4204499 k27/short_yjm993-contigs.fa
31728   5058    1795    500     597     791     1197    1028    12632   4064962 k28/short_yjm993-contigs.fa
31945   4898    1730    500     594     784     1178    1065    13201   3910354 k29/short_yjm993-contigs.fa
32255   4749    1686    500     592     775     1158    1052    13232   3763360 k30/short_yjm993-contigs.fa
32597   4552    1626    500     589     769     1136    1079    15060   3582185 k31/short_yjm993-contigs.fa
32978   4393    1574    500     585     760     1129    1154    23065   3433164 k32/short_yjm993-contigs.fa
33394   4237    1521    500     581     746     1112    1219    27122   3278956 k33/short_yjm993-contigs.fa
33895   4002    1444    500     577     739     1093    1194    23038   3074166 k34/short_yjm993-contigs.fa
34316   3848    1394    500     574     732     1066    1187    23122   2921514 k35/short_yjm993-contigs.fa
34725   3652    1331    500     572     719     1047    1244    23160   2753745 k36/short_yjm993-contigs.fa
35153   3449    1256    500     569     714     1029    1288    27226   2584583 k37/short_yjm993-contigs.fa
35483   3233    1178    500     568     703     1014    1450    25328   2411479 k38/short_yjm993-contigs.fa
35869   3032    1107    500     564     694     1002    1504    25301   2242451 k39/short_yjm993-contigs.fa
36277   2808    1030    500     564     689     987     1811    35765   2069973 k40/short_yjm993-contigs.fa
36609   2600    944     500     561     687     991     1878    33800   1917989 k41/short_yjm993-contigs.fa
36942   2441    898     500     557     675     955     1660    25394   1776646 k42/short_yjm993-contigs.fa
37193   2265    823     500     555     673     952     3704    68227   1649232 k43/short_yjm993-contigs.fa
37365   2083    755     500     554     666     950     4897    78755   1514759 k44/short_yjm993-contigs.fa
37558   1881    682     500     553     665     956     5328    78803   1372819 k45/short_yjm993-contigs.fa
37611   1683    599     500     553     665     948     3346    41603   1233598 k46/short_yjm993-contigs.fa
37519   1521    535     500     552     661     973     3593    41530   1117871 k47/short_yjm993-contigs.fa
37299   1364    473     500     551     658     1020    3901    41568   1009001 k48/short_yjm993-contigs.fa
36862   1228    419     500     551     654     1053    3968    41541   915312  k49/short_yjm993-contigs.fa
36268   1099    366     500     548     654     1094    7680    75137   826765  k50/short_yjm993-contigs.fa
30035   961     309     500     545     648     1248    8571    75146   732924  k51/short_yjm993-contigs.fa
29477   836     260     500     544     647     1587    9608    75153   646271  k52/short_yjm993-contigs.fa
28830   725     214     500     547     660     2043    8930    67636   576224  k53/short_yjm993-contigs.fa
28058   628     177     500     547     673     2738    9926    67638   511314  k54/short_yjm993-contigs.fa
27244   531     138     500     550     685     6540    11310   67694   447870  k55/short_yjm993-contigs.fa
26201   447     103     500     550     697     7534    12685   67642   393914  k56/short_yjm993-contigs.fa
25158   385     76      500     551     722     11137   9515    51759   355556  k57/short_yjm993-contigs.fa
23976   323     53      500     555     767     15934   10626   51761   315791  k58/short_yjm993-contigs.fa
22843   262     31      500     556     1037    15935   12023   51820   278394  k59/short_yjm993-contigs.fa
21524   214     20      502     566     1615    51770   13296   51770   250497  k60/short_yjm993-contigs.fa
20233   181     14      501     574     2221    51771   14241   51771   229660  k61/short_yjm993-contigs.fa
18786   147     9       501     596     2854    51772   15942   51772   207022  k62/short_yjm993-contigs.fa
17365   117     6       501     630     4251    51730   17504   51730   187724  k63/short_yjm993-contigs.fa
15923   101     4       501     696     5424    63024   24567   63024   181366  k64/short_yjm993-contigs.fa
14429   85      4       501     828     8274    40135   15379   40135   169185  k65/short_yjm993-contigs.fa
12921   82      4       502     927     8274    40135   15607   40135   166175  k66/short_yjm993-contigs.fa
11516   76      4       502     1117    8274    40135   16046   40135   160957  k67/short_yjm993-contigs.fa
10119   74      3       505     975     8574    56103   24325   56103   158294  k68/short_yjm993-contigs.fa
8711    66      2       505     1166    22857   56103   25160   56103   152881  k69/short_yjm993-contigs.fa
7451    61      2       502     1404    22857   56053   25947   56053   147622  k70/short_yjm993-contigs.fa
6252    54      2       502     1446    22857   56041   26665   56041   143531  k71/short_yjm993-contigs.fa
5128    49      2       502     1611    17593   56041   26305   56041   138069  k72/short_yjm993-contigs.fa
4202    43      2       502     1822    17543   56086   27068   56086   134227  k73/short_yjm993-contigs.fa
3368    45      2       502     1609    17543   56050   27022   56050   134113  k74/short_yjm993-contigs.fa
2618    43      2       502     1713    17543   56050   27701   56050   130587  k75/short_yjm993-contigs.fa
2006    41      2       502     1635    13372   56050   27904   56050   125205  k76/short_yjm993-contigs.fa
1486    39      2       516     1713    13372   56050   28649   56050   121748  k77/short_yjm993-contigs.fa
1110    36      2       517     2328    13372   56075   28972   56075   120480  k78/short_yjm993-contigs.fa
798     35      2       501     2078    13372   56075   29253   56075   119247  k79/short_yjm993-contigs.fa
559     34      3       501     2695    13372   34020   16160   34020   116768  k80/short_yjm993-contigs.fa
373     33      3       513     3445    13113   33996   16462   33996   113862  k81/short_yjm993-contigs.fa
273     33      4       510     2653    11993   19516   11415   19926   113060  k82/short_yjm993-contigs.fa
199     31      4       510     3020    8274    27505   12108   27505   110372  k83/short_yjm993-contigs.fa
163     28      4       510     3955    8274    14218   9977    20973   106231  k84/short_yjm993-contigs.fa
118     29      4       510     3022    8847    14219   9719    20973   106846  k85/short_yjm993-contigs.fa
95      27      4       521     2652    8847    20973   9494    20973   101849  k86/short_yjm993-contigs.fa
81      23      4       527     2786    8846    20942   9614    20942   97379   k87/short_yjm993-contigs.fa
63      24      5       501     2775    6379    11964   7289    13248   97266   k88/short_yjm993-contigs.fa
58      27      6       546     2615    4888    10328   6359    11946   95041   k89/short_yjm993-contigs.fa
61      30      6       661     2289    4695    10172   5864    10328   91367   k90/short_yjm993-contigs.fa
65      31      6       579     1482    4695    9164    5602    10264   86367   k91/short_yjm993-contigs.fa
70      35      5       524     1356    5092    9615    7319    17896   89932   k92/short_yjm993-contigs.fa
65      39      7       524     1272    3908    8942    4284    9624    75976   k93/short_yjm993-contigs.fa
72      36      6       508     1246    3069    6847    3927    9150    64326   k94/short_yjm993-contigs.fa
71      34      8       502     1114    1779    5631    3031    8293    55103   k95/short_yjm993-contigs.fa
63      30      7       502     1016    1640    3789    2902    8293    42491   k96/short_yjm993-contigs.fa
52      22      5       576     773     1041    8287    3244    8287    26446   k97/short_yjm993-contigs.fa
37      10      1       526     600     8197    8197    5103    8197    13881   k98/short_yjm993-contigs.fa
12      6       2       559     1219    2369    2375    1838    2375    8828    k99/short_yjm993-contigs.fa


root@linux:~/cbb520/shortyjm# cd ..
root@linux:~/cbb520# ls
