Relative position,Total ChiP Signal
-1000,48
-999,50
-998,57
-997,66
-996,53
-995,47
-994,58
-993,56
-992,49
-991,53
-990,56
-989,60
-988,47
-987,62
-986,49
-985,48
-984,50
-983,43
-982,45
-981,55
-980,54
-979,47
-978,56
-977,50
-976,50
-975,52
-974,41
-973,49
-972,54
-971,59
-970,57
-969,41
-968,50
-967,49
-966,50
-965,62
-964,54
-963,48
-962,47
-961,46
-960,54
-959,57
-958,57
-957,57
-956,50
-955,57
-954,56
-953,51
-952,60
-951,50
-950,55
-949,66
-948,52
-947,56
-946,48
-945,57
-944,39
-943,57
-942,48
-941,54
-940,54
-939,61
-938,45
-937,46
-936,55
-935,62
-934,62
-933,60
-932,53
-931,43
-930,59
-929,56
-928,63
-927,60
-926,49
-925,50
-924,50
-923,44
-922,61
-921,81
-920,56
-919,56
-918,57
-917,65
-916,55
-915,53
-914,50
-913,55
-912,65
-911,41
-910,57
-909,44
-908,43
-907,49
-906,57
-905,51
-904,57
-903,58
-902,50
-901,55
-900,50
-899,50
-898,51
-897,48
-896,55
-895,58
-894,28
-893,40
-892,50
-891,39
-890,55
-889,58
-888,55
-887,50
-886,50
-885,46
-884,45
-883,51
-882,58
-881,56
-880,53
-879,66
-878,56
-877,58
-876,58
-875,45
-874,63
-873,59
-872,63
-871,53
-870,51
-869,66
-868,52
-867,50
-866,55
-865,71
-864,42
-863,57
-862,54
-861,73
-860,63
-859,51
-858,61
-857,72
-856,67
-855,56
-854,46
-853,59
-852,56
-851,52
-850,66
-849,61
-848,55
-847,58
-846,67
-845,69
-844,58
-843,61
-842,57
-841,71
-840,73
-839,60
-838,70
-837,51
-836,70
-835,65
-834,59
-833,60
-832,57
-831,51
-830,54
-829,57
-828,64
-827,67
-826,53
-825,66
-824,47
-823,60
-822,67
-821,44
-820,58
-819,52
-818,52
-817,46
-816,64
-815,52
-814,49
-813,49
-812,54
-811,74
-810,57
-809,50
-808,59
-807,65
-806,50
-805,68
-804,85
-803,53
-802,72
-801,48
-800,46
-799,52
-798,48
-797,44
-796,71
-795,62
-794,52
-793,61
-792,60
-791,74
-790,70
-789,79
-788,66
-787,62
-786,51
-785,52
-784,57
-783,72
-782,61
-781,63
-780,74
-779,66
-778,58
-777,72
-776,68
-775,83
-774,56
-773,60
-772,57
-771,62
-770,70
-769,93
-768,52
-767,68
-766,66
-765,49
-764,74
-763,64
-762,58
-761,68
-760,80
-759,96
-758,56
-757,59
-756,74
-755,61
-754,71
-753,48
-752,64
-751,62
-750,83
-749,82
-748,60
-747,57
-746,59
-745,54
-744,44
-743,74
-742,68
-741,70
-740,54
-739,54
-738,64
-737,66
-736,61
-735,79
-734,87
-733,55
-732,61
-731,62
-730,64
-729,47
-728,73
-727,63
-726,74
-725,56
-724,63
-723,55
-722,82
-721,65
-720,44
-719,72
-718,62
-717,60
-716,54
-715,52
-714,76
-713,68
-712,61
-711,57
-710,69
-709,61
-708,62
-707,67
-706,65
-705,58
-704,63
-703,61
-702,69
-701,75
-700,86
-699,77
-698,64
-697,61
-696,73
-695,81
-694,59
-693,93
-692,70
-691,85
-690,73
-689,77
-688,65
-687,79
-686,84
-685,77
-684,94
-683,58
-682,77
-681,57
-680,67
-679,90
-678,71
-677,61
-676,71
-675,73
-674,67
-673,82
-672,70
-671,65
-670,65
-669,90
-668,75
-667,69
-666,63
-665,73
-664,83
-663,69
-662,65
-661,71
-660,86
-659,67
-658,68
-657,94
-656,70
-655,74
-654,85
-653,76
-652,70
-651,89
-650,77
-649,76
-648,81
-647,79
-646,87
-645,74
-644,68
-643,87
-642,73
-641,77
-640,81
-639,73
-638,71
-637,76
-636,88
-635,88
-634,71
-633,73
-632,69
-631,73
-630,88
-629,75
-628,65
-627,75
-626,94
-625,82
-624,70
-623,97
-622,95
-621,78
-620,76
-619,93
-618,76
-617,84
-616,88
-615,88
-614,83
-613,74
-612,62
-611,84
-610,79
-609,85
-608,101
-607,75
-606,79
-605,89
-604,84
-603,80
-602,87
-601,86
-600,72
-599,82
-598,82
-597,93
-596,89
-595,83
-594,96
-593,85
-592,80
-591,82
-590,72
-589,78
-588,70
-587,71
-586,84
-585,63
-584,80
-583,93
-582,84
-581,100
-580,90
-579,84
-578,77
-577,76
-576,91
-575,84
-574,94
-573,69
-572,92
-571,84
-570,91
-569,80
-568,75
-567,75
-566,84
-565,79
-564,77
-563,91
-562,73
-561,72
-560,92
-559,64
-558,97
-557,98
-556,86
-555,81
-554,82
-553,82
-552,84
-551,73
-550,88
-549,73
-548,86
-547,82
-546,78
-545,94
-544,94
-543,62
-542,66
-541,85
-540,86
-539,75
-538,72
-537,82
-536,73
-535,69
-534,84
-533,72
-532,84
-531,78
-530,70
-529,76
-528,92
-527,79
-526,67
-525,80
-524,71
-523,77
-522,61
-521,83
-520,68
-519,80
-518,95
-517,82
-516,72
-515,68
-514,95
-513,86
-512,70
-511,93
-510,80
-509,61
-508,70
-507,71
-506,75
-505,81
-504,67
-503,70
-502,65
-501,79
-500,63
-499,66
-498,86
-497,83
-496,71
-495,89
-494,61
-493,86
-492,65
-491,58
-490,74
-489,68
-488,76
-487,80
-486,68
-485,85
-484,70
-483,69
-482,86
-481,73
-480,82
-479,111
-478,80
-477,83
-476,60
-475,71
-474,89
-473,86
-472,69
-471,76
-470,72
-469,67
-468,79
-467,78
-466,80
-465,94
-464,87
-463,70
-462,70
-461,85
-460,84
-459,86
-458,87
-457,85
-456,84
-455,91
-454,76
-453,76
-452,84
-451,68
-450,88
-449,93
-448,88
-447,72
-446,87
-445,84
-444,66
-443,69
-442,80
-441,86
-440,61
-439,73
-438,100
-437,81
-436,92
-435,96
-434,74
-433,89
-432,66
-431,86
-430,73
-429,84
-428,86
-427,82
-426,95
-425,69
-424,90
-423,86
-422,79
-421,89
-420,86
-419,83
-418,73
-417,78
-416,85
-415,97
-414,102
-413,94
-412,82
-411,93
-410,113
-409,80
-408,96
-407,94
-406,78
-405,97
-404,64
-403,75
-402,99
-401,85
-400,84
-399,82
-398,83
-397,92
-396,91
-395,94
-394,82
-393,93
-392,76
-391,76
-390,102
-389,87
-388,95
-387,118
-386,93
-385,97
-384,102
-383,100
-382,119
-381,102
-380,76
-379,112
-378,76
-377,112
-376,89
-375,101
-374,89
-373,104
-372,102
-371,111
-370,83
-369,90
-368,99
-367,94
-366,111
-365,86
-364,112
-363,102
-362,99
-361,112
-360,105
-359,108
-358,98
-357,102
-356,111
-355,103
-354,116
-353,101
-352,107
-351,90
-350,90
-349,115
-348,108
-347,124
-346,104
-345,92
-344,98
-343,97
-342,121
-341,103
-340,101
-339,97
-338,106
-337,93
-336,94
-335,90
-334,111
-333,89
-332,101
-331,114
-330,105
-329,117
-328,111
-327,94
-326,124
-325,122
-324,120
-323,94
-322,95
-321,100
-320,104
-319,109
-318,108
-317,117
-316,104
-315,110
-314,100
-313,95
-312,119
-311,113
-310,119
-309,136
-308,112
-307,107
-306,148
-305,124
-304,93
-303,111
-302,135
-301,136
-300,137
-299,125
-298,134
-297,121
-296,139
-295,130
-294,129
-293,96
-292,106
-291,128
-290,139
-289,125
-288,134
-287,131
-286,106
-285,135
-284,135
-283,121
-282,139
-281,135
-280,130
-279,149
-278,159
-277,143
-276,125
-275,114
-274,158
-273,149
-272,128
-271,132
-270,129
-269,129
-268,129
-267,134
-266,136
-265,127
-264,153
-263,170
-262,121
-261,126
-260,146
-259,167
-258,163
-257,169
-256,193
-255,164
-254,166
-253,172
-252,163
-251,160
-250,166
-249,165
-248,193
-247,182
-246,194
-245,176
-244,138
-243,186
-242,157
-241,154
-240,135
-239,186
-238,175
-237,179
-236,169
-235,178
-234,170
-233,204
-232,156
-231,157
-230,180
-229,190
-228,201
-227,217
-226,210
-225,190
-224,194
-223,180
-222,203
-221,228
-220,183
-219,167
-218,230
-217,178
-216,224
-215,220
-214,200
-213,180
-212,178
-211,167
-210,195
-209,194
-208,212
-207,190
-206,195
-205,200
-204,185
-203,226
-202,193
-201,188
-200,204
-199,204
-198,212
-197,199
-196,215
-195,177
-194,220
-193,251
-192,222
-191,212
-190,217
-189,217
-188,248
-187,204
-186,198
-185,228
-184,250
-183,230
-182,248
-181,254
-180,272
-179,234
-178,229
-177,272
-176,252
-175,259
-174,263
-173,255
-172,292
-171,275
-170,269
-169,261
-168,283
-167,307
-166,245
-165,256
-164,246
-163,278
-162,291
-161,304
-160,280
-159,280
-158,233
-157,270
-156,253
-155,274
-154,285
-153,330
-152,261
-151,303
-150,276
-149,260
-148,276
-147,320
-146,297
-145,271
-144,280
-143,287
-142,292
-141,312
-140,278
-139,291
-138,296
-137,284
-136,311
-135,308
-134,314
-133,298
-132,282
-131,320
-130,284
-129,296
-128,295
-127,302
-126,304
-125,273
-124,303
-123,334
-122,338
-121,285
-120,328
-119,326
-118,322
-117,316
-116,304
-115,331
-114,321
-113,299
-112,311
-111,289
-110,290
-109,354
-108,285
-107,307
-106,281
-105,306
-104,311
-103,281
-102,347
-101,315
-100,321
-99,325
-98,313
-97,320
-96,336
-95,363
-94,318
-93,309
-92,321
-91,352
-90,315
-89,351
-88,293
-87,323
-86,319
-85,307
-84,296
-83,330
-82,335
-81,315
-80,289
-79,319
-78,344
-77,352
-76,334
-75,376
-74,320
-73,349
-72,339
-71,300
-70,317
-69,348
-68,306
-67,349
-66,346
-65,405
-64,364
-63,357
-62,358
-61,342
-60,388
-59,378
-58,341
-57,358
-56,421
-55,415
-54,419
-53,446
-52,373
-51,412
-50,424
-49,415
-48,475
-47,383
-46,357
-45,394
-44,360
-43,390
-42,408
-41,380
-40,353
-39,368
-38,386
-37,374
-36,442
-35,389
-34,349
-33,369
-32,394
-31,388
-30,397
-29,394
-28,372
-27,381
-26,377
-25,407
-24,455
-23,455
-22,432
-21,441
-20,421
-19,408
-18,430
-17,414
-16,431
-15,429
-14,422
-13,412
-12,477
-11,466
-10,456
-9,462
-8,478
-7,478
-6,509
-5,487
-4,424
-3,462
-2,520
-1,464
0,489
1,458
2,456
3,455
4,476
5,452
6,409
7,428
8,393
9,420
10,494
11,497
12,451
13,414
14,433
15,484
16,434
17,437
18,453
19,446
20,446
21,469
22,441
23,426
24,409
25,412
26,400
27,426
28,415
29,394
30,395
31,420
32,361
33,356
34,378
35,364
36,374
37,416
38,415
39,402
40,387
41,404
42,352
43,353
44,381
45,347
46,330
47,370
48,381
49,356
50,345
51,331
52,330
53,309
54,331
55,326
56,338
57,295
58,306
59,332
60,279
61,302
62,353
63,340
64,296
65,329
66,296
67,303
68,281
69,318
70,268
71,305
72,272
73,273
74,331
75,295
76,276
77,283
78,260
79,282
80,256
81,269
82,286
83,306
84,268
85,294
86,257
87,269
88,225
89,251
90,240
91,254
92,222
93,275
94,234
95,259
96,246
97,265
98,227
99,222
100,218
101,231
102,227
103,226
104,246
105,242
106,230
107,199
108,233
109,220
110,229
111,169
112,174
113,183
114,202
115,195
116,203
117,194
118,198
119,200
120,223
121,213
122,201
123,172
124,188
125,164
126,200
127,185
128,225
129,181
130,193
131,207
132,207
133,210
134,197
135,192
136,169
137,207
138,202
139,190
140,183
141,178
142,169
143,172
144,181
145,199
146,172
147,168
148,212
149,180
150,189
151,169
152,188
153,203
154,210
155,220
156,177
157,149
158,189
159,173
160,163
161,193
162,184
163,174
164,173
165,201
166,185
167,166
168,154
169,174
170,166
171,147
172,164
173,223
174,204
175,189
176,193
177,180
178,175
179,164
180,176
181,160
182,163
183,166
184,174
185,147
186,152
187,165
188,153
189,182
190,171
191,177
192,172
193,175
194,163
195,144
196,169
197,185
198,186
199,187
200,181
201,155
202,155
203,185
204,154
205,179
206,158
207,154
208,152
209,144
210,141
211,154
212,155
213,145
214,179
215,161
216,161
217,153
218,151
219,146
220,127
221,168
222,140
223,139
224,144
225,114
226,158
227,131
228,136
229,123
230,134
231,139
232,116
233,151
234,151
235,130
236,123
237,158
238,162
239,123
240,112
241,117
242,126
243,147
244,132
245,149
246,129
247,127
248,134
249,129
250,110
251,103
252,113
253,110
254,127
255,148
256,132
257,120
258,123
259,125
260,150
261,105
262,129
263,127
264,131
265,114
266,115
267,93
268,108
269,128
270,122
271,107
272,116
273,121
274,137
275,92
276,111
277,100
278,113
279,95
280,109
281,106
282,110
283,101
284,122
285,93
286,107
287,95
288,109
289,72
290,93
291,110
292,111
293,83
294,122
295,120
296,94
297,98
298,108
299,128
300,119
301,113
302,105
303,90
304,89
305,104
306,110
307,92
308,88
309,98
310,106
311,102
312,110
313,92
314,89
315,113
316,110
317,114
318,110
319,97
320,101
321,101
322,121
323,98
324,102
325,94
326,83
327,101
328,100
329,82
330,100
331,108
332,104
333,100
334,83
335,97
336,114
337,116
338,98
339,89
340,94
341,119
342,99
343,101
344,102
345,103
346,80
347,93
348,108
349,102
350,87
351,78
352,90
353,72
354,91
355,103
356,95
357,84
358,105
359,94
360,83
361,107
362,91
363,90
364,79
365,113
366,95
367,76
368,82
369,75
370,84
371,92
372,87
373,80
374,80
375,85
376,90
377,57
378,88
379,81
380,86
381,86
382,113
383,79
384,77
385,87
386,90
387,71
388,70
389,84
390,76
391,82
392,88
393,78
394,75
395,88
396,83
397,78
398,62
399,84
400,81
401,83
402,93
403,69
404,80
405,72
406,85
407,88
408,85
409,66
410,76
411,88
412,89
413,84
414,60
415,78
416,64
417,69
418,79
419,71
420,93
421,77
422,82
423,77
424,82
425,67
426,65
427,72
428,85
429,77
430,78
431,74
432,75
433,81
434,65
435,67
436,77
437,69
438,84
439,79
440,84
441,61
442,71
443,71
444,71
445,84
446,81
447,80
448,89
449,75
450,64
451,64
452,82
453,75
454,90
455,87
456,77
457,85
458,62
459,83
460,86
461,82
462,94
463,73
464,118
465,73
466,102
467,78
468,61
469,75
470,75
471,97
472,84
473,92
474,98
475,65
476,68
477,73
478,92
479,70
480,88
481,94
482,72
483,71
484,74
485,60
486,70
487,74
488,69
489,74
490,76
491,81
492,91
493,84
494,84
495,80
496,65
497,68
498,80
499,77
500,75
501,63
502,64
503,65
504,79
505,80
506,73
507,45
508,67
509,65
510,67
511,57
512,58
513,79
514,80
515,63
516,72
517,67
518,54
519,64
520,65
521,83
522,74
523,88
524,85
525,46
526,71
527,63
528,77
529,69
530,68
531,75
532,77
533,66
534,73
535,58
536,71
537,60
538,70
539,61
540,60
541,78
542,65
543,74
544,71
545,62
546,66
547,76
548,73
549,78
550,82
551,87
552,61
553,73
554,89
555,100
556,72
557,82
558,69
559,74
560,76
561,70
562,96
563,69
564,63
565,57
566,76
567,63
568,72
569,65
570,71
571,80
572,71
573,79
574,74
575,58
576,66
577,80
578,68
579,69
580,65
581,68
582,99
583,66
584,77
585,72
586,52
587,48
588,69
589,80
590,57
591,67
592,89
593,63
594,66
595,77
596,57
597,72
598,68
599,67
600,58
601,60
602,76
603,70
604,75
605,63
606,66
607,69
608,70
609,71
610,62
611,69
612,75
613,80
614,74
615,73
616,70
617,87
618,57
619,93
620,86
621,83
622,70
623,69
624,63
625,77
626,61
627,70
628,53
629,70
630,59
631,74
632,64
633,74
634,61
635,78
636,83
637,71
638,75
639,74
640,78
641,69
642,77
643,79
644,83
645,66
646,70
647,88
648,71
649,78
650,70
651,69
652,65
653,81
654,83
655,77
656,80
657,85
658,79
659,79
660,74
661,60
662,81
663,83
664,78
665,70
666,82
667,58
668,69
669,87
670,62
671,83
672,92
673,76
674,77
675,107
676,102
677,95
678,78
679,72
680,97
681,103
682,66
683,87
684,78
685,79
686,77
687,66
688,84
689,101
690,97
691,96
692,93
693,111
694,89
695,79
696,86
697,126
698,108
699,113
700,125
701,123
702,101
703,147
704,109
705,113
706,138
707,132
708,95
709,119
710,88
711,113
712,102
713,104
714,121
715,128
716,112
717,124
718,118
719,122
720,125
721,118
722,127
723,110
724,90
725,101
726,76
727,96
728,99
729,94
730,83
731,82
732,87
733,87
734,78
735,107
736,80
737,78
738,107
739,102
740,107
741,89
742,87
743,97
744,79
745,61
746,69
747,76
748,63
749,67
750,100
751,80
752,85
753,81
754,86
755,108
756,84
757,71
758,76
759,73
760,73
761,65
762,78
763,71
764,83
765,73
766,95
767,88
768,54
769,75
770,93
771,81
772,72
773,75
774,97
775,115
776,106
777,93
778,103
779,82
780,89
781,86
782,95
783,127
784,122
785,103
786,104
787,105
788,109
789,117
790,127
791,94
792,67
793,70
794,84
795,112
796,95
797,96
798,112
799,97
800,110
801,96
802,92
803,95
804,88
805,111
806,64
807,91
808,82
809,108
810,90
811,94
812,114
813,112
814,121
815,93
816,85
817,103
818,91
819,125
820,102
821,93
822,119
823,104
824,96
825,99
826,84
827,103
828,111
829,75
830,96
831,83
832,89
833,104
834,92
835,83
836,67
837,54
838,73
839,59
840,68
841,76
842,66
843,89
844,69
845,53
846,56
847,55
848,92
849,56
850,62
851,61
852,69
853,55
854,62
855,77
856,79
857,49
858,61
859,87
860,68
861,55
862,41
863,55
864,60
865,41
866,54
867,66
868,54
869,63
870,47
871,58
872,55
873,57
874,57
875,52
876,47
877,49
878,69
879,53
880,63
881,59
882,62
883,59
884,48
885,62
886,46
887,35
888,52
889,48
890,64
891,46
892,71
893,52
894,60
895,56
896,49
897,63
898,58
899,63
900,62
901,56
902,38
903,69
904,63
905,58
906,64
907,64
908,51
909,46
910,48
911,71
912,63
913,65
914,76
915,60
916,78
917,64
918,50
919,65
920,57
921,66
922,52
923,84
924,53
925,68
926,58
927,52
928,66
929,65
930,70
931,58
932,59
933,69
934,53
935,61
936,81
937,55
938,58
939,62
940,68
941,51
942,67
943,59
944,62
945,63
946,68
947,57
948,71
949,53
950,53
951,67
952,59
953,66
954,54
955,74
956,54
957,68
958,71
959,73
960,55
961,76
962,61
963,64
964,79
965,69
966,60
967,55
968,46
969,51
970,65
971,58
972,44
973,79
974,64
975,46
976,72
977,53
978,66
979,70
980,53
981,79
982,60
983,68
984,71
985,67
986,67
987,72
988,64
989,59
990,58
991,61
992,56
993,52
994,50
995,53
996,76
997,57
998,63
999,58
1000,52
